>> script
parameters for Lines(r,theta) = 

temp_centers =

   270   164
   270   152
   268   153
   269   163
   271   152
   269   152
   271   164
   267   155
   268   163
   269   153
   267   154
   267   162
   274   157
   270   153
   268   162
   267   153
   266   157
   273   160
   274   159
   268   154
   273   156
   268   164
   266   156
   269   151
   106   140
   162   328
    28   140
   106   141
   105   142
   107   138
   219   142
    27   138
   105   141
   220   139
   150    99
   108   136
   221   138
   108   137
   150    98
   256   127
   255   122


parametersCircle =

   270   164
   270   152
   268   153
   269   163
   271   152
   269   152
   271   164
   267   155
   268   163
   269   153
   267   154
   267   162
   274   157
   270   153
   268   162
   267   153
   266   157
   273   160
   274   159
   268   154
   273   156
   268   164
   266   156
   269   151
   106   140
   162   328
    28   140
   106   141
   105   142
   107   138
   219   142
    27   138
   105   141
   220   139
   150    99
   108   136
   221   138
   108   137
   150    98
   256   127
   255   122

>> script
parameters for Lines(r,theta) = 

temp_centers =

   270   164
   270   152
   268   153
   269   163
   271   152
   269   152
   271   164
   267   155
   268   163
   269   153
   267   154
   267   162
   274   157
   270   153
   268   162
   267   153
   266   157
   273   160
   274   159
   268   154
   273   156
   268   164
   266   156
   269   151
   106   140
   162   328
    28   140
   106   141
   105   142
   107   138
   219   142
    27   138
   105   141
   220   139
   150    99
   108   136
   221   138
   108   137
   150    98
   256   127
   255   122


parametersCircle =

   270   164
   270   152
   268   153
   269   163
   271   152
   269   152
   271   164
   267   155
   268   163
   269   153
   267   154
   267   162
   274   157
   270   153
   268   162
   267   153
   266   157
   273   160
   274   159
   268   154
   273   156
   268   164
   266   156
   269   151
   106   140
   162   328
    28   140
   106   141
   105   142
   107   138
   219   142
    27   138
   105   141
   220   139
   150    99
   108   136
   221   138
   108   137
   150    98
   256   127
   255   122

>> script
parameters for Lines(r,theta) = 

temp_centers =

    75   108
    75    96
    73    97
    74   107
    76    96
    74    96
    76   108
    72    99
    74    97
    72    98
    72   105
    72   106
    79   101
    75    97
    72    97
    71   101
    72   104
    79   103
    73    98
    72   100
    79   104
    71   100
    74    95
    77    96
    71   104
    73    96
    75    95
    79    99
    72   108
    67   107
    73    95
    70   102
    75    94
    72    96
    73    94
    71    98
    75    93
    72    94
    66    98
    74    94


parametersCircle =

    75   108
    75    96
    73    97
    74   107
    76    96
    74    96
    76   108
    72    99
    74    97
    72    98
    72   105
    72   106
    79   101
    75    97
    72    97
    71   101
    72   104
    79   103
    73    98
    72   100
    79   104
    71   100
    74    95
    77    96
    71   104
    73    96
    75    95
    79    99
    72   108
    67   107
    73    95
    70   102
    75    94
    72    96
    73    94
    71    98
    75    93
    72    94
    66    98
    74    94

>> clear
>> clear all
>> script
parameters for Lines(r,theta) = 

temp_centers =

   270   164
   270   152
   268   153
   269   163
   271   152
   269   152
   271   164
   267   155
   268   163
   269   153
   267   154
   267   162
   274   157
   270   153
   268   162
   267   153
   266   157
   273   160
   274   159
   268   154
   273   156
   268   164
   266   156
   269   151
   106   140
   162   328
    28   140
   106   141
   105   142
   107   138
   219   142
    27   138
   105   141
   220   139
   150    99
   108   136
   221   138
   108   137
   150    98
   256   127
   255   122


parametersCircle =

   270   164
   270   152
   268   153
   269   163
   271   152
   269   152
   271   164
   267   155
   268   163
   269   153
   267   154
   267   162
   274   157
   270   153
   268   162
   267   153
   266   157
   273   160
   274   159
   268   154
   273   156
   268   164
   266   156
   269   151
   106   140
   162   328
    28   140
   106   141
   105   142
   107   138
   219   142
    27   138
   105   141
   220   139
   150    99
   108   136
   221   138
   108   137
   150    98
   256   127
   255   122

>> script
parameters for Lines(r,theta) = 

temp_centers =

   270   164
   270   152
   268   153
   269   163
   271   152
   269   152
   271   164
   267   155
   268   163
   269   153
   267   154
   267   162
   274   157
   270   153
   268   162
   267   153
   266   157
   273   160
   274   159
   268   154
   273   156
   268   164
   266   156
   269   151
   106   140
   162   328
    28   140
   106   141
   105   142
   107   138
   219   142
    27   138
   105   141
   220   139
   150    99
   108   136
   221   138
   108   137
   150    98
   256   127
   255   122

>> script
parameters for Lines(r,theta) = 

temp_centers =

   270   164
   270   152
   268   153
   269   163
   271   152
   269   152
   271   164
   267   155
   268   163
   269   153
   267   154
   267   162
   274   157
   270   153
   268   162
   267   153
   266   157
   273   160
   274   159
   268   154
   273   156
   268   164
   266   156
   269   151
   106   140
   162   328
    28   140
   106   141
   105   142
   107   138
   219   142
    27   138
   105   141
   220   139
   150    99
   108   136
   221   138
   108   137
   150    98
   256   127
   255   122


parametersCircle =

   270   164
   270   152
   268   153
   269   163
   271   152
   269   152
   271   164
   267   155
   268   163
   269   153
   267   154
   267   162
   274   157
   270   153
   268   162
   267   153
   266   157
   273   160
   274   159
   268   154
   273   156
   268   164
   266   156
   269   151
   106   140
   162   328
    28   140
   106   141
   105   142
   107   138
   219   142
    27   138
   105   141
   220   139
   150    99
   108   136
   221   138
   108   137
   150    98
   256   127
   255   122

>> script
parameters for Lines(r,theta) = 

temp_centers =

   270   164
   270   152
   268   153
   269   163
   271   152
   269   152
   271   164
   267   155
   268   163
   269   153
   267   154
   267   162
   274   157
   270   153
   268   162
   267   153
   266   157
   273   160
   274   159
   268   154
   273   156
   268   164
   266   156
   269   151
   106   140
   162   328
    28   140
   106   141
   105   142
   107   138
   219   142
    27   138
   105   141
   220   139
   150    99
   108   136
   221   138
   108   137
   150    98
   256   127
   255   122


parametersEllipse =

   270   164
   270   152
   268   153
   269   163
   271   152
   269   152
   271   164
   267   155
   268   163
   269   153
   267   154
   267   162
   274   157
   270   153
   268   162
   267   153
   266   157
   273   160
   274   159
   268   154
   273   156
   268   164
   266   156
   269   151
   106   140
   162   328
    28   140
   106   141
   105   142
   107   138
   219   142
    27   138
   105   141
   220   139
   150    99
   108   136
   221   138
   108   137
   150    98
   256   127
   255   122

>> 