>> script
parameters for Lines(r,theta) =

temp_centers =

   270   164
   270   152
   268   153
   269   163
   271   152
   269   152
   271   164
   267   155
   268   163
   269   153
   267   154
   267   162
   274   157
   270   153
   268   162
   267   153
   266   157
   273   160
   274   159
   268   154
   273   156
   268   164
   266   156
   269   151
   106   140
   162   328
    28   140
   106   141
   105   142
   107   138
   219   142
    27   138
   105   141
   220   139
   150    99
   108   136
   221   138
   108   137
   150    98
   256   127
   255   122


parametersCircle =

   270   164
   270   152
   268   153
   269   163
   271   152
   269   152
   271   164
   267   155
   268   163
   269   153
   267   154
   267   162
   274   157
   270   153
   268   162
   267   153
   266   157
   273   160
   274   159
   268   154
   273   156
   268   164
   266   156
   269   151
   106   140
   162   328
    28   140
   106   141
   105   142
   107   138
   219   142
    27   138
   105   141
   220   139
   150    99
   108   136
   221   138
   108   137
   150    98
   256   127
   255   122

>> 
